173552191
44628861
173551021
173551022
173551039
173551041
173551042
173552186
173552189
173552192
173552204
75277142
75277146
453482876
118994826
118994828
118994833
118994844
118994845
119908182
173551024
173551025
173551034
173551035
173551036
173551037
173551038
173551053
173551054
173551055
173551056
173551063
173551065
244373703
244373704
173551097
173551098
173551099
173552166
173552168
173552172
173552173
173552175
173552176
173552177
173552181
173552182
173552183
173552184
173552185
173552190
173552201
173552202
173552203
173552210
173552217
121332673
44628864
104960231
75277149
75277153
75277172
75277176
75277179
75277181
75277192
75277258
75277300
75277309
75277314
166083074
173551101
173551102
173551103
173551104
173552178
173552179
173552180
75277360
118994811
173551078
173551079
173551080
173552165
173552167
173552174
173552215
173552216
173552218
594806361
75277251
173551087
173551089
173551093
173551095
173551057
173551058
173552170
595053243
595053249
77181572
173551026
173551081
173551106
173551107
173551109
173551110
173551111
173551112
173551113
173551114
173551115
591817826
591817827
594262593
594262599
594800325
594800326
595053266
595053272
595053277
173551088
173551094
119879838
173551085
173551092
173551096
445015411
425242351
425242352
594806370
594806390
594806399
